27630
28539
26264
27495
28255
28465
29955
30351
30555
31470
31664
31898
340
581
792
1780
2048
3369
3891
4154
5892
6314
6825
7733
8224
9132
9596
10508
10985
11896
12290
13203
13599
14515
14956
15857
16358
17261
17715
18622
19308
20216
20618
21524
21987
22899
23303
23890
24816
25217
4790
5603
6378
6804
7538
8622
3596
4399
5220
5626
6441
7363
7947
8903
9113
9511
9750
9984
10887
11130
11357
12278
12471
12720
13633
13830
14094
15001
15193
15446
16356
16942
17423
18334
19618
20518
21028
21935
22232
22627
23136
24052
24747
25660
25992
26391
26740
27139
27478
27877
28218
28620
29582
30484
30812
31212
31526
31925
32248
32671
577
980
1383
1832
2530
3085
3420
3838
4171
4574
5363
6399
6881
7287
7620
8048
8459
8860
9188
9586
10222
10621
10972
11388
11798
12190
12599
13000
13443
13840
14335
14728
15079
15474
16032
16934
17323
17726
4828
5893
6588
6994
7343
7737
8390
8784
9172
9571
9946
10345
3684
4584
5695
6103
6469
6870
7220
7618
8055
8457
8878
9272
9620
10018
10371
10772
11146
11542
12350
13249
13653
14024
22152
22519
23180
24076
24650
25583
25993
26902
27101
27499
27920
28851
29291
30190
30674
31586
31793
32190
32607
1100
1329
1757
2336
3529
5202
6256
6649
7073
7974
8731
9660
9859
10233
10704
11611
11807
12026
12930
13831
14737
14935
15286
16201
16559
16941
17847
18214
18586
19501
19849
20273
21187
21393
21814
22715
23084
23311
24274
24612
24989
25892
26295
26499
27415
28236
29140
30388
31297
31500
31898
32404
898
1147
1633
1912
2425
2905
4082
4500
4979
6070
6293
6674
6907
7288
7904
8806
9363
10610
11245
11715
13192
13716
14691
15601
15796
16001
17513
17884
18100
19590
20011
20232
21729
22093
22300
23791
24194
24941
25555
25795
27339
27742
27954
28884
29882
30253
30580
32074
32459
32675
1858
2340
2575
4359
4813
5089
6719
7113
7315
8820
9281
9511
11005
11379
11587
13090
13571
13983
14761
15667
16395
17306
17865
19364
19881
20085
21575
22073
24160
25714
26076
26413
27983
28380
28641
30131
30604
30821
32349
32708
499
2167
2607
3523
5131
17464
7747
8148
10274
11614
15070
16031
16534
17889
19162
20064
20842
21696
22335
23249
23685
25025
25636
26547
28810
29763
31249
32156
1443
2636
3541
4462
5170
6122
6602
7498
8071
8995
9967
10912
15057
16421
16945
17952
18217
19078
19494
20452
20980
21968
22510
23494
23684
23892
24855
25057
25322
26289
26486
26700
27669
27864
28067
29012
29215
29525
30450
31251
32154
32426
4933
5860
6098
6306
7222
8101
9014
9417
10323
11096
12017
12217
12715
13616
13815
14080
14964
15370
16637
17557
18215
19172
20413
21318
21717
22619
22847
23256
24149
24844
25745
26367
27309
28167
29068
29895
30813
31358
430
964
7466
9088
9463
9683
11171
11559
11762
13278
13669
13903
15390
15857
21085
22027
22231
22433
23335
23525
23860
24761
13124
13563
14015
14977
15424
16344
16947
17924
18401
19381
20257
21236
21808
22761
24290
25453
26491
27476
27982
28286
29214
29934
31450
31835
327
1945
2605
2893
4072
4420
4881
5813
6564
4389
5191
5933
6870
7810
8773
9333
10213
11084
12071
12662
13570
14220
15189
15820
16749
17520
18442
19011
20004
21091
22056
22589
23871
24496
20365
21275
21608
21890
22802
23025
23430
26846
26889
28401
28766
29004
30543
5093
5965
6411
6803
7287
7516
8419
8775
9162
9580
9960
11588
11869
12769
13273
13670
14002
14247
15139
15558
15909
16822
17160
17669
18573
18938
19165
20076
20461
20855
21193
21594
22197
23095
24607
25701
26378
27007
27680
28609
29266
30177
32139
621
1282
2302
2809
3353
3664
4775
5159
5540
7051
7631
8003
9499
10016
10231
11766
12279
12501
13994
14488
14711
16217
16729
17134
18630
19147
19397
20924
21423
21648
23142
23647
23926
25421
25918
26219
27704
28222
28491
30003
30520
31497
32009
32527
1664
2279
2598
4517
5141
5370
6858
9119
9935
10239
10637
12232
13152
13869
14785
16148
17062
