27630
28539
26264
27495
28255
28465
29955
30351
30555
31470
31664
31898
340
581
792
1780
2048
3369
3891
4154
5892
6314
6825
7733
8224
9132
9596
10508
10985
11896
12290
13203
13599
14515
14956
15857
16358
17261
17715
18622
19308
20216
20618
21524
21987
22899
23303
23890
24816
25217
4790
5603
6378
6804
7538
8622
3596
4399
5220
5626
6441
7363
7947
8903
9113
9511
9750
9984
10887
11130
11357
12278
12471
12720
13633
13830
14094
15001
15193
15446
16356
16942
17423
18334
19618
20518
21028
21935
22232
22627
23136
24052
24747
25660
25992
26391
26740
27139
27478
27877
28218
28620
29582
30484
30812
31212
31526
31925
32248
32671
577
980
1383
1832
2530
3085
3420
3838
4171
4574
5363
6399
6881
7287
7620
8048
8459
8860
9188
9586
10222
10621
10972
11388
11798
12190
12599
13000
13443
13840
14335
14728
15079
15474
16032
16934
17323
17726
4828
5893
6588
6994
7343
7737
8390
8784
9172
9571
9946
10345
3684
4584
5695
6103
6469
6870
7220
7618
8055
8457
8878
9272
9620
10018
10371
10772
11146
11542
12350
13249
13653
14024
22152
22519
23180
24076
24650
25583
25993
26902
27101
27499
27920
28851
29291
30190
30674
31586
31793
32190
32607
1100
1329
1757
2336
3529
5202
6256
6649
7073
7974
8731
9660
9859
10233
10704
11611
11807
12026
12930
13831
14737
14935
15286
16201
16559
16941
17847
18214
18586
19501
19849
20273
21187
21393
21814
22715
23084
23311
24274
24612
24989
25892
26295
26499
27415
28236
29140
30388
31297
31500
31898
32404
898
1147
1633
1912
2425
2905
4082
4500
4979
6070
6293
6674
6907
7288
7904
8806
9363
10610
11245
11715
13192
13716
14691
15601
15796
16001
17513
17884
18100
19590
20011
20232
21729
22093
22300
23791
24194
24941
25555
25795
27339
27742
27954
28884
29882
30253
30580
32074
32459
32675
1858
2340
2575
4359
4813
5089
6719
7113
7315
8820
9281
9511
11005
11379
11587
13090
13571
13983
14761
15667
16395
17306
17865
19364
19881
20085
21575
22073
24160
25714
26076
26413
27983
28380
28641
30131
30604
30821
32349
32708
499
2167
2607
3523
5131
17464
7747
8148
10274
11614
15070
16031
16534
17889
19162
20064
20842
21696
22335
23249
23685
25025
25636
26547
28810
29763
31249
32156
1443
2636
3541
4462
5170
6122
6602
7498
8071
8995
9967
10912
15057
16421
16945
17952
18217
19078
19494
20452
20980
21968
22510
23494
23684
23892
24855
25057
25322
26289
26486
26700
27669
27864
28067
29012
29215
29525
30450
31251
32154
32426
4933
5860
6098
6306
7222
8101
9014
9417
10323
11096
12017
12217
12715
13616
13815
14080
14964
15370
16637
17557
18215
19172
20413
21318
21717
22619
22847
23256
24149
24844
25745
26367
27309
28167
29068
29895
30813
31358
430
964
7466
9088
9463
9683
11171
11559
11762
13278
13669
13903
15390
15857
21085
22027
22231
22433
23335
23525
23860
24761
13124
13563
14015
14977
15424
16344
16947
17924
18401
19381
20257
21236
21808
22761
24290
25453
26491
27476
27982
28286
29214
29934
31450
31835
327
1945
2605
2893
4072
4420
4881
5813
6564
4389
5191
5933
6870
7810
8773
9333
10213
11084
12071
12662
13570
14220
15189
15820
16749
17520
18442
19011
20004
21091
22056
22589
23871
24496
20365
21275
21608
21890
22802
23025
23430
26846
26889
28401
28766
29004
30543
5093
5965
6411
6803
7287
7516
8419
8775
9162
9580
9960
11588
11869
12769
13273
13670
14002
14247
15139
15558
15909
16822
17160
17669
18573
18938
19165
20076
20461
20855
21193
21594
22197
23095
24607
25701
26378
27007
27680
28609
29266
30177
32139
621
1282
2302
2809
3353
3664
4775
5159
5540
7051
7631
8003
9499
10016
10231
11766
12279
12501
13994
14488
14711
16217
16729
17134
18630
19147
19397
20924
21423
21648
23142
23647
23926
25421
25918
26219
27704
28222
28491
30003
30520
31497
32009
32527
1664
2279
2598
4517
5141
5370
6858
9119
9935
10239
10637
12232
13152
13869
14785
16148
17062
2144
3193
4383
4906
5158
5710
6053
6564
1974
3010
3638
4145
2155
3515
4759
5232
8347
9358
1931
2998
3730
4538
1995
3045
3685
4189
2023
3399
2155
3502
3788
4317
4617
5125
1891
3288
3702
4209
4698
5212
5684
6189
6571
7080
29987
3281
3753
4255
4596
5063
5995
6982
7267
7767
8436
9416
9668
10279
11024
12013
12670
13662
13904
14408
14871
15864
16107
16607
16846
17340
17840
18816
19758
20743
20991
21513
22200
23184
23426
23930
24431
25408
25649
26138
26649
27634
3430
4474
5251
5753
6041
6512
6707
7210
7862
8845
9340
10327
10920
11909
12505
13487
14086
15062
15521
16665
16689
16917
18227
18729
18947
20253
20678
20900
21883
22431
23413
23880
24868
25342
26331
26794
27778
28609
29594
29809
30311
1955
3302
3749
4248
30647
3359
3649
4130
4636
5628
6451
7443
8076
9066
1211
2176
3205
5924
6920
7586
8102
32609
2957
3603
4109
5711
6229
31475
3261
8164
9606
9898
10692
11169
12151
1978
3368
3784
4290
2107
3455
4077
5060
5598
6577
7090
8101
8597
9578
10094
11082
11581
12607
21375
27642
14588
15601
16070
17074
17696
18712
19304
20323
20928
21942
22410
23718
24190
7902
9252
9496
10004
10271
10738
11099
11622
11849
12341
4030
5405
5746
6252
6497
7249
7943
9073
9496
10277
10978
11270
12933
13355
13625
14617
15096
16084
17135
18792
19229
20356
20913
21418
22400
23068
24048
24281
24789
25289
26286
26875
27871
1063
2167
2663
3906
7361
8357
2587
4617
8303
8817
9224
9747
10356
11348
11954
13613
16879
17704
18732
19729
22789
23359
24044
25032
26452
27006
27644
28622
29222
30209
30815
31804
32184
32698
636
1161
1914
2923
3327
3843
4765
5767
3528
4927
5635
6153
6395
7085
7801
8855
9480
10501
11104
12100
12729
13817
14584
15571
16219
17874
18346
18611
20266
20795
21964
22717
25799
1206
5934
7304
23010
29723
5519
6014
1986
3032
2022
3044
3425
17505
10442
18824
24437
25036
25541
4193
6199
7777
9099
14203
15385
16845
17649
18492
19668
20108
20594
21196
22190
22783
23765
24140
24651
25275
26260
26722
27703
28332
29314
29548
30061
3784
5125
6386
6966
25822
26672
27106
27608
28547
28994
29121
29479
29560
29873
30013
30329
2567
3373
3769
4246
4840
7211
8103
24572
25585
19204
25924
1556
4091
4656
5658
17524
24281
27072
27479
27703
28110
18147
19112
19336
19745
19997
20407
20706
21111
21868
22832
23129
23543
23746
24155
25043
26006
26228
26646
26877
27281
27660
28144
28376
28823
29171
29617
30355
31321
32155
701
911
1396
1834
2341
3202
3663
4093
4505
4706
5754
6217
7001
8024
8594
10177
10607
11096
12155
12676
13719
14242
15301
15895
16953
17536
18594
19131
19397
20992
23786
25633
26191
26466
28038
4019
5247
6042
6299
8092
28440
29786
30670
30953
32525
644
1806
2575
3046
3791
4932
5619
6593
6802
7217
7939
8911
9292
9706
10090
10532
10753
11172
12448
13690
13905
14310
14616
15060
15681
16648
17012
17417
17910
18876
19301
19740
19961
20376
20801
21684
21948
22360
22928
23370
24898
25881
26284
26696
27438
28411
28795
29202
29596
30003
30821
31790
838
2170
3346
3850
4294
5879
6288
7297
7788
8223
8555
8970
9175
10082
10644
16647
18090
18952
19223
20811
21217
27187
28246
18220
19208
19634
20090
3565
4747
5899
7073
7732
8780
9562
10552
11101
12157
12609
13671
3329
4140
5143
6138
6978
7590
8548
9298
10584
12157
12638
13692
14114
15163
15631
15936
17500
17922
18975
19473
20518
20936
21928
22979
23913
24381
24729
26315
26735
27734
28429
5708
6903
8016
9064
9729
10930
11686
12871
13366
14460
14881
15996
16662
17753
19520
20577
21110
22171
22627
23711
24158
25225
25693
26749
27157
27458
29059
29521
30579
31019
31295
490
1268
2560
3244
4327
4778
5841
6341
7400
9195
9478
11066
11838
12119
13707
14403
15433
15892
16926
17367
17698
19364
19840
20861
21312
22362
22751
24157
25407
4266
5035
5859
6331
8123
8671
10986
11422
11682
12108
12331
12739
13840
14788
15024
15458
16111
17702
18154
18596
18954
19392
20217
21833
22490
23251
24057
25163
25650
26707
27142
28191
28673
29729
30125
20223
21813
16878
17322
18031
19801
20270
21308
21776
22834
23235
32466
1400
1850
7173
7955
8625
9243
9938
10481
13227
14812
15428
6069
6721
3512
4284
5455
5907
4205
5037
6786
7907
10990
11692
12187
13211
13879
15454
15871
16139
17725
20626
21051
3608
4178
5332
6336
6794
7764
9454
9886
10364
11320
11797
12759
10924
11715
12671
13669
14144
15104
15573
16537
17260
18834
19235
19500
21082
21475
21730
22681
23491
25123
25527
27604
28603
29093
30086
30717
31702
32379
940
1500
2666
3349
4400
5106
6085
19544
19980
20469
21433
21915
22869
6390
7207
7868
8327
478
2635
2646
2651
2656
2667
5315
5331
26176
26615
8694
8710
9091
9124
30703
31701
32259
839
1313
2395
11029
11463
11943
12926
14946
16164
17419
18070
18694
19116
23967
25161
25831
26678
27324
27959
28384
